	
12/02/2016 14,380 14,780
11/02/2016 14,380 14,780
10/02/2016 14,300 14,700
05/02/2016 14,150 14,550
04/02/2016 14,010 14,410
03/02/2016 13,980 14,380
02/02/2016 13,960 14,360
01/02/2016 13,900 14,300
29/01/2016 13,740 14,140
28/01/2016 13,750 14,150
27/01/2016 13,730 14,130
26/01/2016 13,680 14,080
25/01/2016 13,640 14,040
22/01/2016 13,560 13,960
21/01/2016 13,430 13,830
20/01/2016 13,340 13,740
19/01/2016 13,340 13,740
18/01/2016 13,370 13,770
15/01/2016 13,360 13,760
14/01/2016 13,280 13,680
13/01/2016 13,460 13,860
12/01/2016 13,450 13,850
11/01/2016 13,730 14,130
08/01/2016 13,750 14,150
07/01/2016 13,780 14,180
06/01/2016 13,650 14,050
05/01/2016 13,570 13,870
04/01/2016 13,210 13,510