DÍA		COMPRA 	DOLAR	VENTA 	DOLAR
30/12/2010	3.93	3.97	5.21	5.27
29/12/2010	3.93	3.97	5.19	5.24
28/12/2010	3.94	3.98	5.17	5.22
27/12/2010	3.94	3.98	5.18	5.23
23/12/2010	3.93	3.97	5.16	5.21
22/12/2010	3.93	3.97	5.15	5.2
21/12/2010	3.93	3.97	5.15	5.2
20/12/2010	3.93	3.97	5.15	5.21
17/12/2010	3.93	3.97	5.17	5.22
16/12/2010	3.93	3.97	5.2 	5.25
15/12/2010	3.93	3.97	5.21	5.27
14/12/2010	3.93	3.97	5.27	5.33
13/12/2010	3.93	3.97	5.26	5.31
10/12/2010	3.93	3.97	5.2	5.25
09/12/2010	3.93	3.97	5.2	5.25
07/12/2010	3.93	3.94	5.23	5.29
06/12/2010	3.93	3.97	5.23	5.28
03/12/2010	3.93	3.97	5.26	5.32
02/12/2010	3.94	3.98	5.2	5.25
01/12/2010	3.94	3.98	5.17	5.23
30/11/2010	3.94	3.98	5.14	5.19
29/11/2010	3.94	3.98	5.16	5.21
26/11/2010	3.94	3.98	5.21	5.26
25/11/2010	3.93	3.97	5.26	5.31
24/11/2010	3.93	3.97	5.25	5.3
23/11/2010	3.93	3.97	5.26	5.31
19/11/2010	3.93	3.97	5.36	5.42
18/11/2010	3.93	3.97	5.35	5.41
17/11/2010	3.93	3.97	5.32	5.37
16/11/2010	3.93	3.97	5.29	5.34
15/11/2010	3.93	3.97	5.34	5.4
12/11/2010	3.92	3.96	5.36	5.42
11/11/2010	3.92	3.96	5.35	5.41
10/11/2010	3.92	3.96	5.38	5.43
09/11/2010	3.92	3.96	5.43	5.49
08/11/2010	3.92	3.96	5.46	5.52
05/11/2010	3.91	3.95	5.5	5.56
04/11/2010	3.91	3.95	5.56	5.62
03/11/2010	3.91	3.95	5.49	5.55
02/11/2010	3.91	3.95	5.5	5.55
01/11/2010	3.91	3.95	5.44	5.5
29/10/2010	3.91	3.95	5.44	5.5
28/10/2010	3.91	3.95	5.45	5.5
26/10/2010	3.91	3.95	5.42	5.48
25/10/2010	3.91	3.95	5.47	5.52
22/10/2010	3.91	3.95	5.45	5.51
21/10/2010	3.91	3.95	5.45	5.5
20/10/2010	3.91	3.95	5.46	5.52
19/10/2010	3.91	3.95	5.39	5.45
18/10/2010	3.91	3.95	5.47	5.52
15/10/2010	3.91	3.95	5.47	5.52
14/10/2010	3.9	3.94	5.49	5.55
13/10/2010	3.91	3.95	5.46	5.51
12/10/2010	3.91	3.95	5.42	5.47
08/10/2010	3.91	3.95	5.44	5.5
07/10/2010	3.92	3.95	5.43	5.49
06/10/2010	3.92	3.96	5.45	5.51
05/10/2010	3.91	3.95	5.42	5.47
04/10/2010	3.92	3.96	5.36	5.42
01/10/2010	3.92	3.96	5.93	5.44
30/09/2010	3.92	3.96	5.33	5.39
29/09/2010	3.92	3.96	5.34	5.4
28/09/2010	3.93	3.97	5.34	5.39
27/09/2010	3.93	3.97	5.29	5.35
24/09/2010	3.92	3.96	5.28	5.33
23/09/2010	3.91	3.95	5.22	5.27
22/09/2010	3.91	3.95	5.23	5.28
21/09/2010	3.91	3.95	5.13	5.18
20/09/2010	3.91	3.95	5.1	5.15
17/09/2010	3.91	3.95	5.1	5.15
16/09/2010	3.9	3.94	5.11	5.16
15/09/2010	3.91	3.95	5.08	5.12
14/09/2010	3.9	3.94	5.08	5.14
13/09/2010	3.9	3.94	5.03	5.08
10/09/2010	3.9	3.94	4.96	5.01
09/09/2010	3.9	3.94	4.95	5
08/09/2010	3.9	3.94	4.97	5.02
07/09/2010	3.9	3.94	4.96	5.01
06/09/2010	3.9	3.94	5.02	5.07
03/09/2010	3.9	3.94	5.03	5.08
02/09/2010	3.9	3.94	5	5.05
01/09/2010	3.91	3.95	5	5.05
30/08/2010	3.91	3.95	4.95	5
27/08/2010	3.9	3.94	4.96	5.01
26/08/2010	3.9	3.94	4.95	5.01
25/08/2010	3.9	3.94	4.93	4.99
24/08/2010	3.9	3.94	4.94	5
23/08/2010	3.89	3.93	4.94	4.99
20/08/2010	3.89	3.93	4.95	5
19/08/2010	3.89	3.93	4.99	5.04
18/08/2010	3.89	3.93	5.01	5.06
17/08/2010	3.89	3.93	5.02	5.07
13/08/2010	3.89	3.93	4.97	5.02
12/08/2010	3.89	3.93	4.99	5.04
11/08/2010	3.89	3.93	5.01	5.06
10/08/2010	3.89	3.93	5.09	5.15
09/08/2010	3.89	3.93	5.14	5.2
06/08/2010	3.89	3.93	5.16	5.22
05/08/2010	3.89	3.93	5.13	5.18
04/08/2010	3.89	3.93	5.11	5.16
03/08/2010	3.89	3.93	5.14	5.2
02/08/2010	3.89	3.93	5.13	5.18
30/07/2010	3.9	3.94	5.09	5.14
29/07/2010	3.89	3.93	5.09	5.15
28/07/2010	3.89	3.93	5.06	5.11
27/07/2010	3.89	3.93	5.05	5.1
26/07/2010	3.89	3.93	5.05	5.1
23/07/2010	3.89	3.93	5	5.06
22/07/2010	3.89	3.93	5.02	5.07
21/07/2010	3.89	3.93	4.99	5.04
20/07/2010	3.89	3.93	5.02	5.07
19/07/2010	3.89	3.93	5.04	5.09
16/07/2010	3.89	3.93	5.03	5.08
15/07/2010	3.89	3.93	5.02	5.07
14/07/2010	3.89	3.93	4.96	5.01
13/07/2010	3.89	3.93	4.95	5
12/07/2010	3.89	3.93	4.9	4.95
08/07/2010	3.89	3.93	4.93	4.98
07/07/2010	3.89	3.93	4.92	4.97
06/07/2010	3.89	3.93	4.91	4.96
05/07/2010	3.89	3.93	4.88	4.93
02/07/2010	3.89	3.93	4.88	4.93
01/07/2010	3.89	3.93	4.85	4.9
30/06/2010	3.89	3.93	4.76	4.81
29/06/2010	3.89	3.93	4.74	4.79
28/06/2010	3.89	3.93	4.77	4.82
25/06/2010	3.89	3.23	4.82	4.87
24/06/2010	3.89	3.93	4.8	4.85
23/06/2010	3.88	3.92	4.76	4.81
22/06/2010	3.88	3.92	4.78	4.83
18/06/2010	3.88	3.92	4.8	4.85
17/06/2010	3.88	3.92	4.8	4.85
16/06/2010	3.88	3.92	4.78	4.83
15/06/2010	3.88	3.92	4.79	4.84
14/06/2010	3.88	3.92	4.75	4.8
11/06/2010	3.88	3.92	4.68	4.73
10/06/2010	3.87	3.91	4.69	4.74
09/06/2010	3.87	3.91	4.65	4.7
08/06/2010	3.87	3.91	4.62	4.67
07/06/2010	3.88	3.92	4.63	4.67
04/06/2010	3.88	3.92	4.66	4.71
03/06/2010	3.88	3.92	4.72	4.77
02/06/2010	3.88	3.92	4.74	4.79
01/06/2010	3.89	3.93	4.78	4.83
31/05/2010	3.88	3.92	4.78	4.83
28/05/2010	3.88	3.92	4.77	4.82
27/05/2010	3.87	3.91	4.79	4.84
26/05/2010	3.87	3.91	4.73	4.78
21/05/2010	3.86	3.9	4.86	4.91
20/05/2010	3.86	3.9	4.82	4.87
19/05/2010	3.86	3.9	4.77	4.82
18/05/2010	3.86	3.9	4.74	4.79
17/05/2010	3.86	3.9	4.76	4.81
14/05/2010	3.85	3.89	4.77	4.82
13/05/2010	3.85	3.89	4.85	4.9
12/05/2010	3.85	3.89	4.87	4.92
11/05/2010	3.85	3.89	4.9	4.95
10/05/2010	3.85	3.89	4.93	4.99
07/05/2010	3.85	3.89	4.9	4.96
06/05/2010	3.85	3.89	4.89	4.94
05/05/2010	3.85	3.89	4.95	5
04/05/2010	3.85	3.89	5.01	5.06
03/05/2010	3.84	3.88	5.07	5.12
30/04/2010	3.84	3.88	5.08	5.14
29/04/2010	3.84	3.88	5.08	5.14
28/04/2010	3.84	3.88	5.05	5.1
27/04/2010	3.83	3.87	5.08	5.13
26/04/2010	3.83	3.87	5.1	5.16
23/04/2010	3.83	3.87	5.12	5.17
22/04/2010	3.83	3.87	5.09	5.15
21/04/2010	3.83	3.87	5.13	5.18
20/04/2010	3.81	3.87	5.14	5.2
19/04/2010	3.83	3.87	5.15	5.21
16/04/2010	3.82	3.86	5.16	5.21
15/04/2010	3.83	3.87	5.19	5.25
14/04/2010	3.83	3.87	5.23	5.29
13/04/2010	3.83	3.87	5.21	5.27
12/04/2010	3.83	3.87	5.21	5.26
09/04/2010	3.83	3.87	5.16	5.22
08/04/2010	3.83	3.87	5.11	5.17
07/04/2010	3.83	3.87	5.12	5.17
06/04/2010	3.84	3.88	5.13	5.18
05/04/2010	3.83	3.87	5.17	5.22
31/03/2010	3.83	3.87	5.19	5.24
30/03/2010	3.83	3.87	5.77	5.84
29/03/2010	3.83	3.87	5.15	5.21
26/03/2010	3.82	3.86	5.12	5.17
25/03/2010	3.82	3.86	5.08	5.13
23/03/2010	3.82	3.86	5.16	5.22
22/03/2010	3.82	3.86	5.18	5.24
19/03/2010	3.82	3.86	5.17	5.22
18/03/2010	3.82	3.86	5.2	5.26
17/03/2010	3.82	3.86	5.26	5.32
16/03/2010	3.82	3.86	5.24	5.3
15/03/2010	3.82	3.86	5.22	5.27
12/03/2010	3.82	3.86	5.25	5.3
11/03/2010	3.81	3.85	5.21	5.27
10/03/2010	3.81	3.85	5.2	5.26
09/03/2010	3.82	3.86	5.18	5.24
08/03/2010	3.81	3.85	5.2	5.24
05/03/2010	3.81	3.85	5.19	5.24
04/03/2010	3.81	3.85	5.18	5.23
03/03/2010	3.81	3.85	5.23	5.28
02/03/2010	3.81	3.85	5.17	5.22
01/03/2010	3.81	3.85	5.16	5.21
26/02/2010	3.81	3.85	5.19	5.25
25/02/2010	3.81	3.85	5.16	5.21
24/02/2010	3.82	3.86	5.17	5.23
23/02/2010	3.82	3.86	5.15	5.21
22/02/2010	3.82	3.86	5.19	5.24
19/02/2010	3.81	3.85	5.17	5.22
18/02/2010	3.81	3.85	5.18	5.23
17/02/2010	3.81	3.85	5.19	5.24
16/02/2010	3.81	3.85	5.25	5.3
15/02/2010	3.82	3.86	5.19	5.24
12/02/2010	3.81	3.85	5.19	5.24
11/02/2010	3.81	3.85	5.2	5.25
10/02/2010	3.8	3.84	5.22	5.28
09/02/2010	3.8	3.84	5.24	5.29
08/02/2010	3.8	3.84	5.2	5.24
05/02/2010	3.8	3.84	5.17	5.22
04/02/2010	3.8	3.84	5.22	5.27
03/02/2010	3.79	3.83	5.27	5.33
02/02/2010	3.792	3.832	5.29	5.34
01/02/2010	3.796	3.836	5.28	5.33
29/01/2010	3.795	3.835	5.26	5.32
28/01/2010	3.779	3.819	5.27	5.33
27/01/2010	3.77	3.81	5.29	5.35
26/01/2010	3.77	3.81	5.32	5.37
25/01/2010	3.76	3.8	5.32	5.38
22/01/2010	3.76	3.8	5.33	5.39
21/01/2010	3.76	3.8	5.3	5.36
20/01/2010	3.76	3.8	5.3	5.36
19/01/2010	3.76	3.8	5.37	5.42
18/01/2010	3.75	3.79	5.41	5.46
15/01/2010	3.75	3.79	5.39	5.45
14/01/2010	3.75	3.79	5.44	5.5
13/01/2010	3.75	3.79	5.45	5.51
12/01/2010	3.75	3.79	5.44	5.5
11/01/2010	3.75	3.79	5.45	5.5
08/01/2010	3.75	3.79	5.41	5.46
07/01/2010	3.75	3.79	5.37	5.43
06/01/2010	3.77	3.81	5.42	5.48
05/01/2010	3.75	3.79	5.4	5.46
04/01/2010	3.75	3.79	5.41	5.47
31/12/2009	3.76	3.8	5.39	5.45
30/12/2009	3.76	3.8	5.39	5.44
29/12/2009	3.78	3.82	5.43	5.49
28/12/2009	3.75	3.79	5.4	5.46
24/12/2009	3.75	3.79	5.38	5.44
23/12/2009	3.75	3.79	5.39	5.45
22/12/2009	3.76	3.8	5.36	5.41
21/12/2009	3.76	3.8	5.39	5.44
18/12/2009	3.77	3.81	5.39	5.45
17/12/2009	3.78	3.82	5.41	5.47
16/12/2009	3.77	3.81	5.48	5.54
15/12/2009	3.77	3.81	5.47	5.53
14/12/2009	3.77	3.81	5.52	5.58
11/12/2009	3.76	3.8	5.49	5.55
10/12/2009	3.76	3.8	5.52	5.58
09/12/2009	3.75	3.79	5.52	5.58
07/12/2009	3.76	3.8	5.59	5.65
04/12/2009	5.76	3.8	5.6	5.66
03/12/2009	3.76	3.8	5.68	5.74
02/12/2009	3.77	3.81	5.62	5.73
01/12/2009	3.77	3.81	5.69	5.75
30/11/2009	3.77	3.81	5.61	5.71
27/11/2009	3.76	3.8	5.64	5.7
26/11/2009	3.76	3.8	5.65	5.71
25/11/2009	3.76	3.8	5.67	5.73
24/11/2009	3.76	3.8	5.62	5.68
23/11/2009	3.75	3.79	5.62	5.69
20/11/2009	3.74	3.8	5.58	5.64
19/11/2009	3.76	3.8	5.6	5.66
18/11/2009	3.77	3.81	5.64	5.7
17/11/2009	3.77	3.81	5.6	5.66
16/11/2009	3.77	3.81	5.64	5.7
13/11/2009	3.77	3.81	5.63	5.69
12/11/2009	3.77	3.81	5.61	5.67
11/11/2009	3.77	3.81	5.65	5.71
10/11/2009	3.77	3.81	5.64	5.7
09/11/2009	3.77	3.81	5.66	5.72
05/11/2009	3.77	3.81	5.61	5.67
04/11/2009	3.77	3.81	5.6	5.64
03/11/2009	3.77	3.81	5.54	5.6
02/11/2009	3.79	3.81	5.58	5.64
29/10/2009	3.78	3.82	5.61	5.67
28/10/2009	3.78	3.82	5.56	5.62
27/10/2009	3.78	3.82	5.58	5.64
26/10/2009	3.78	3.82	5.61	5.67
22/10/2009	3.78	3.82	5.67	5.73
21/10/2009	3.78	3.82	5.68	5.74
20/10/2009	3.78	3.82	5.63	5.69
19/10/2009	3.78	3.82	5.63	5.69
09/10/2009	3.78	3.82	5.56	5.62
08/10/2009	3.79	3.83	5.6	5.66
07/10/2009	3.79	3.83	5.56	5.62
06/10/2009	3.79	3.83	5.58	5.64
05/10/2009	3.8	3.84	5.57	5.62
02/10/2009	3.8	3.84	5.55	5.61
01/10/2009	3.8	3.84	5.53	5.58
30/09/2009	3.8	3.84	5.56	5.62
29/09/2009	3.8	3.84	5.54	5.6
28/09/2009	3.8	3.84	5.55	5.61
25/09/2009	3.79	3.83	5.56	5.62
24/09/2009	3.79	3.83	5.56	5.62
23/09/2009	3.79	3.83	5.61	5.67
21/09/2009	3.79	3.83	5.57	5.63
19/09/2009	3.79	3.83	5.59	5.64
17/09/2009	3.79	3.83	5.58	5.63
16/09/2009	3.78	3.82	5.57	5.63
15/09/2009	3.79	3.83	5.55	5.61
14/09/2009	3.8	3.84	5.55	5.61
11/09/2009	3.81	3.85	5.55	5.61
10/09/2009	3.81	3.85	5.56	5.62
09/09/2009	3.81	3.85	5.54	5.6
08/09/2009	3.81	3.85	5.52	5.58
07/09/2009	3.8	3.84	5.45	5.51
04/09/2009	3.8	3.84	5.44	5.5
03/09/2009	3.8	3.84	5.42	5.48
02/09/2009	3.8	3.84	5.43	5.49
01/09/2009	3.8	3.84	5.4	5.46
31/08/2009	3.81	3.85	5.46	5.52
28/08/2009	3.81	3.85	5.46	5.52
27/08/2009	3.8	3.84	5.43	5.49
26/08/2009	3.8	3.84	5.41	5.47
25/08/2009	3.81	3.85	5.45	5.51
24/08/2009	3.81	3.85	5.44	5.5
21/08/2009	3.8	3.84	5.45	5.51
20/08/2009	3.8	3.84	5.42	5.48
19/08/2009	3.8	3.84	5.42	5.47
18/08/2009	3.8	3.84	5.36	5.42
14/08/2009	3.8	3.84	5.38	5.44
13/08/2009	3.79	3.83	5.42	5.48
12/08/2009	3.79	3.83	5.39	5.45
11/08/2009	3.79	3.83	5.36	5.42
10/08/2009	3.78	3.82	5.34	3.4
07/08/2009	3.78	3.82	5.37	5.42
06/08/2009	3.78	3.82	5.42	5.48
05/08/2009	3.78	3.82	5.45	5.51
04/08/2009	3.78	3.82	5.45	5.5
03/08/2009	3.78	3.82	5.46	5.51
31/07/2009	3.79	3.83	5.4	5.46
30/07/2009	3.78	3.82	5.33	5.39
29/07/2009	3.78	3.82	5.3	5.35
28/07/2009	3.77	3.81	5.34	5.4
27/07/2009	3.77	3.81	5.35	5.41
24/07/2009	3.76	3.8	5.36	5.42
23/07/2009	3.76	3.8	5.35	5.41
22/07/2009	3.76	3.8	5.36	5.42
21/07/2009	3.76	3.8	5.34	5.39
20/07/2009	3.76	3.8	5.35	5.41
16/07/2009	3.76	3.8	5.31	5.37
15/07/2009	3.76	3.8	5.31	5.37
14/07/2009	3.76	3.8	5.24	5.3
13/07/2009	3.76	3.8	5.26	5.31
08/07/2009	3.76	3.8	5.21	5.27
07/07/2009	3.76	3.8	5.24	5.3
06/07/2009	3.76	3.8	5.24	5.3
03/07/2009	3.76	3.8	5.26	5.31
02/07/2009	3.76	3.8	5.27	5.32
01/07/2009	3.75	3.79	5.32	5.38
30/06/2009	3.75	3.79	5.26	5.32
29/06/2009	3.75	3.79	5.28	5.34
26/06/2009	3.75	3.79	5.29	5.34
25/06/2009	3.75	3.79	5.25	5.31
24/06/2009	3.75	3.79	5.24	5.3
23/06/2009	3.75	3.79	5.28	5.34
22/06/2009	3.74	3.78	5.18	5.24
19/06/2009	3.73	3.77	5.22	5.27
18/06/2009	3.72	3.76	5.19	5.25
17/06/2009	3.72	3.76	5.18	5.23
16/06/2009	3.72	3.76	5.18	5.23
12/06/2009	3.72	3.76	5.22	5.27
11/06/2009	3.72	3.76	5.26	5.31
10/06/2009	3.72	3.76	5.18	5.24
09/06/2009	3.72	3.76	5.21	5.27
08/06/2009	3.71	3.75	5.17	5.22
05/06/2009	3.71	3.75	5.2	5.25
04/06/2009	3.7	3.74	5.25	5.31
03/06/2009	3.7	3.74	5.22	5.28
02/06/2009	3.7	3.74	5.29	5.35
01/06/2009	3.7	3.74	5.26	5.31
29/05/2009	3.7	3.74	5.23	5.29
28/05/2009	3.7	3.74	5.16	5.22
27/05/2009	3.69	3.73	5.13	5.19
26/05/2009	3.69	3.73	5.16	5.22
22/05/2009	3.69	3.73	5.12	5.18
21/05/2009	3.69	3.73	5.12	5.18
20/05/2009	3.69	3.73	5.09	5.15
19/05/2009	3.68	3.72	5.02	5.08
18/05/2009	3.68	3.72	4.98	5.04
15/05/2009	3.68	3.72	4.97	5.02
14/05/2009	3.68	3.72	5.02	5.07
13/05/2009	3.68	3.72	5	5.05
12/05/2009	3.68	3.72	5.01	5.06
11/05/2009	3.68	3.72	5	5.05
08/05/2009	3.68	3.72	4.99	5.04
07/05/2009	3.68	3.72	4.92	4.97
06/05/2009	3.67	3.71	4.87	4.93
05/05/2009	3.65	3.69	4.87	4.93
04/05/2009	3.65	3.69	4.83	4.89
30/04/2009	3.67	3.71	4.86	4.91
29/04/2009	3.68	3.72	4.9	4.95
28/04/2009	3.67	3.71	4.82	4.87
27/04/2009	4.76	4.81	0	0
24/04/2009	3.65	3.69	4.84	4.9
23/04/2009	3.65	3.69	4.78	4.84
21/04/2009	3.65	3.69	4.73	4.78
20/04/2009	3.64	3.68	4.71	4.76
17/04/2009	3.64	3.68	4.75	4.8
16/04/2009	3.63	3.67	4.77	4.83
15/04/2009	3.68	3.72	4.97	5.02
14/04/2009	3.63	3.67	4.83	4.89
13/04/2009	3.64	3.68	4.86	4.91
08/04/2009	3.63	3.67	4.82	4.88
07/04/2009	3.63	3.67	4.81	4.86
06/04/2009	3.63	3.67	4.86	4.92
03/04/2009	3.65	3.69	4.9	4.96
01/04/2009	3.67	3.71	4.84	4.9
31/03/2009	3.68	3.72	4.87	4.92
30/03/2009	3.67	3.71	4.83	4.88
26/03/2009	3.65	3.69	4.95	5
25/03/2009	3.64	3.68	4.95	5
23/03/2009	3.64	3.68	4.97	5.02
20/03/2009	3.61	3.65	4.9	4.95
19/03/2009	3.6	3.64	4.93	4.98
18/03/2009	3.61	3.65	4.74	4.8
17/03/2009	3.6	3.64	4.68	4.73
16/03/2009	3.6	3.64	4.68	4.73
13/03/2009	3.61	3.65	4.65	4.7
12/03/2009	3.6	3.64	4.61	4.66
11/03/2009	3.6	3.64	4.6	4.63
10/03/2009	3.59	3.63	4.58	4.63
09/03/2009	3.59	3.63	4.54	4.59
06/03/2009	3.59	3.63	4.56	4.59
05/03/2009	3.58	3.62	4.49	4.54
04/03/2009	3.57	3.61	4.51	4.56
03/03/2009	3.57	3.61	4.48	4.53
02/03/2009	3.56	3.6	4.47	4.52
27/02/2009	3.52	3.56	4.46	4.51
26/02/2009	3.51	3.55	4.49	4.54
25/02/2009	3.51	3.55	4.47	4.53
24/02/2009	3.51	3.55	4.48	4.53
23/02/2009	3.5	3.54	4.46	4.51
20/02/2009	3.49	3.53	4.41	4.46
19/02/2009	3.49	3.53	4.42	4.47
18/02/2009	3.47	3.51	4.34	4.39
17/02/2009	3.46	3.5	4.35	4.4
16/02/2009	3.45	3.49	4.41	4.46
12/02/2009	3.45	3.49	4.43	4.48
11/02/2009	3.45	3.49	4.45	4.5
10/02/2009	3.44	3.48	4.46	4.51
09/02/2009	3.44	3.48	4.43	4.48
06/02/2009	3.44	3.48	4.43	4.48
05/02/2009	3.44	3.48	4.42	4.47
04/02/2009	3.447	3.487	4.428	4.8
03/02/2009	3.46	3.5	4.49	4.55
02/02/2009	3.45	3.49	4.42	4.47
30/01/2009	3.448	3.488	4.41	4.468
29/01/2009	3.44	3.48	4.489	4.54
28/01/2009	3.448	3.488	4.56	4.61
27/01/2009	3.44	3.48	4.53	4.588
26/01/2009	3.44	3.48	4.53	4.58
23/01/2009	3.43	3.47	4.41	4.47
22/01/2009	3.43	3.47	4.44	4.49
21/01/2009	3.43	3.47	4.41	4.47
20/01/2009	3.42	3.46	4.42	4.47
19/01/2009	3.41	3.45	4.48	4.53
16/01/2009	3.41	3.45	4.52	4.57
15/01/2009	3.41	3.45	4.46	4.51
14/01/2009	3.41	3.45	4.48	4.54
13/01/2009	3.41	3.45	4.5	4.55
12/01/2009	3.4	3.44	4.55	4.6
09/01/2009	3.4	3.44	4.59	4.64
08/01/2009	3.41	3.45	4.67	4.72
07/01/2009	3.41	3.45	4.67	4.72
06/01/2009	3.41	3.45	4.58	4.63
05/01/2009	3.41	3.45	4.63	4.68
02/01/2009	3.41	3.45	4.76	4.82
31/12/2008	3.41	3.45	4.76	4.82
30/12/2008	3.41	3.45	4.81	4.86
29/12/2008	3.4	3.44	4.84	4.9
26/12/2008	3.4	3.44	4.77	4.83
25/12/2008	3.4	3.44	4.75	4.8
24/12/2008	3.39	3.43	4.75	4.8
23/12/2008	3.39	3.43	4.73	4.79
22/12/2008	3.38	3.42	4.71	4.77
19/12/2008	3.37	3.41	4.68	4.74
18/12/2008	3.36	3.4	4.8	4.86
17/12/2008	3.36	3.4	4.81	4.87
16/12/2008	3.36	3.4	4.64	4.69
15/12/2008	3.38	3.42	4.6	4.66
12/12/2008	3.38	3.42	4.5	4.52
11/12/2008	3.37	3.41	4.47	4.52
10/12/2008	3.37	3.41	4.39	4.44
09/12/2008	3.39	3.43	4.39	4.44
05/12/2008	3.42	3.46	4.33	4.38
04/12/2008	3.4	3.44	4.36	4.41
03/12/2008	3.36	3.4	4.26	4.31
02/12/2008	3.35	3.39	4.26	4.31
01/12/2008	3.34	3.38	4.22	4.27
28/11/2008	3.33	3.37	4.22	4.27
27/11/2008	3.32	3.36	4.27	4.32
26/11/2008	3.3	3.34	4.24	4.3
25/11/2008	3.3	3.34	4.29	4.34
24/11/2008	3.29	3.33	4.23	4.28
21/11/2008	3.33	3.36	4.12	4.17
20/11/2008	3.28	3.32	4.11	4.16
19/11/2008	3.28	3.32	4.14	4.19
18/11/2008	3.28	3.32	4.15	4.2
17/11/2008	3.27	3.31	4.16	4.21
14/11/2008	3.27	3.31	4.16	4.21
13/11/2008	3.27	3.31	4.09	4.14
12/11/2008	3.26	3.3	4.09	4.14
11/11/2008	3.26	3.3	4.09	4.15
10/11/2008	3.26	3.3	4.15	4.21
07/11/2008	3.26	3.307	4.16	4.21
05/11/2008	3.27	3.31	4.25	4.3
04/11/2008	3.24	3.28	4.21	4.26
03/11/2008	3.34	3.38	4.25	4.3
31/10/2008	3.34	3.38	4.26	4.31
30/10/2008	3.34	3.38	4.31	4.36
29/10/2008	3.33	3.37	4.29	4.35
28/10/2008	3.32	3.36	4.15	4.2
27/10/2008	3.26	3.3	4.08	4.13
24/10/2008	3.23	3.27	4.1	4.15
23/10/2008	3.21	3.25	4.12	4.17
22/10/2008	3.18	3.22	4.09	4.14
21/10/2008	3.17	3.21	4.15	4.2
20/10/2008	3.18	3.22	4.23	4.28
17/10/2008	3.17	3.21	4.27	4.32
16/10/2008	3.16	3.2	4.23	4.29
15/10/2008	3.15	3.19	4.26	4.32
14/10/2008	3.15	3.19	4.31	4.36
09/10/2008	3.19	3.23	4.36	4.41
08/10/2008	3.18	3.22	4.36	4.41
07/10/2008	3.17	3.21	4.3	4.36
06/10/2008	3.15	3.19	4.25	4.31
03/10/2008	3.12	3.16	4.32	4.38
02/10/2008	3.1	3.14	4.29	4.34
01/10/2008	3.09	3.13	4.35	4.4
30/09/2008	3.09	3.13	4.35	4.41
29/09/2008	3.07	3.11	4.46	4.51
26/09/2008	3.07	3.11	4.49	4.55
25/09/2008	3.07	3.11	4.48	4.54
24/09/2008	3.06	3.1	4.49	4.55
23/09/2008	3.05	3.09	4.47	4.53
22/09/2008	3.06	3.1	4.51	4.57
19/09/2008	3.07	3.11	4.43	4.49
18/09/2008	3.07	3.11	4.43	4.49
17/09/2008	3.06	3.1	4.37	4.43
16/09/2008	3.05	3.09	4.31	4.37
15/09/2008	3.04	3.08	4.32	4.38
12/09/2008	3.04	3.08	4.31	4.37
11/09/2008	3.04	3.08	4.23	4.29
10/09/2008	3.03	3.07	4.26	4.31
09/09/2008	3.01	3.05	4.28	4.34
08/09/2008	3.01	3.05	4.23	4.29
05/09/2008	3	3.04	4.27	4.33
04/09/2008	2.99	3.03	4.3	4.36
03/09/2008	2.99	3.03	4.33	4.39
02/09/2008	2.99	3.03	4.35	4.41
01/09/2008	2.98	3.02	4.63	4.42
29/08/2008	2.99	3.03	4.38	4.44
28/08/2008	2.98	3.02	4.38	4.44
27/08/2008	2.98	3.02	4.38	4.44
26/08/2008	3.01	3.04	4.45	4.58
25/08/2008	2.98	3.02	4.4	4.46
22/08/2008	2.98	3.02	4.41	4.47
21/08/2008	2.98	3.02	4.43	4.69
20/08/2008	2.98	3.02	5.55	5.63
19/08/2008	2.98	3.02	4.41	4.47
15/08/2008	2.99	3.03	4.38	4.44
14/08/2008	2.98	3.02	4.42	4.48
13/08/2008	2.99	3.03	4.46	4.52
12/08/2008	2.99	3.03	4.46	4.52
11/08/2008	2.93	3.03	4.45	4.51
08/08/2008	3.01	3.05	4.52	4.58
07/08/2008	3	3.04	4.6	4.66
06/08/2008	3	3.04	4.63	4.69
05/08/2008	3	3.04	4.63	4.69
04/08/2008	2.99	3.03	4.66	4.73
31/07/2008	3	3.04	4.68	4.74
30/07/2008	2.98	3.02	4.65	4.71
29/07/2008	2.98	3.02	4.64	4.7
28/07/2008	2.98	3.02	4.69	4.75
24/07/2008	2.97	3.01	4.65	4.71
22/07/2008	2.98	3.02	4.7	4.76
21/07/2008	2.98	3.02	4.73	4.8
17/07/2008	2.98	3.02	4.71	4.78
16/07/2008	2.98	3.02	4.73	4.79
14/07/2008	2.98	3.02	4.74	4.8
11/07/2008	2.98	3.02	4.73	4.8
10/07/2008	2.97	3.01	4.69	4.75
07/07/2008	2.97	3.01	4.68	4.74
04/07/2008	2.98	3.02	4.68	4.74
03/07/2008	2.98	3.02	4.68	4.75
02/07/2008	2.98	3.02	4.72	4.79
01/07/2008	2.98	3.02	4.71	4.77
30/06/2008	2.98	3.02	4.7	4.76
27/06/2008	2.98	3.02	4.71	4.77
26/06/2008	2.98	3.02	4.69	4.76
25/06/2008	2.97	3.01	4.63	4.7
24/06/2008	2.97	3.01	4.63	4.69
23/06/2008	2.97	3.01	4.62	4.68
20/06/2008	2.99	3.03	4.67	4.74
19/06/2008	2.99	3.03	4.64	4.7
18/06/2008	2.99	3.03	4.64	4.71
17/06/2008	2.99	3.03	4.64	4.7
13/06/2008	3	3.04	4.6	4.67
12/06/2008	3.01	3.05	4.64	4.7
11/06/2008	3.02	3.06	4.69	4.76
10/06/2008	3.02	3.06	4.67	4.73
09/06/2008	3.02	3.06	4.73	4.79
06/06/2008	3.02	3.06	4.76	4.83
05/06/2008	3.02	3.06	4.7	4.76
04/06/2008	3.03	3.07	4.68	4.74
02/06/2008	3.05	3.09	4.75	4.82
29/05/2008	3.07	3.11	4.75	4.81
28/05/2008	3.11	3.14	4.91	5.02
26/05/2008	3.1	3.14	4.88	4.95
23/05/2008	3.09	3.13	4.88	4.94
22/05/2008	3.09	3.13	4.86	4.92
21/05/2008	3.09	3.13	4.87	4.94
20/05/2008	3.1	3.14	4.85	4.91
19/05/2008	3.1	3.14	4.819	4.88
16/05/2008	3.1	3.14	4.819	4.88
15/05/2008	3.12	3.16	4.81	4.87
14/05/2008	3.12	3.16	4.82	4.88
13/05/2008	3.12	3.16	4.84	4.905
12/05/2008	3.13	3.17	4.87	4.94
09/05/2008	3.13	3.17	4.85	4.91
07/05/2008	3.14	3.18	4.83	4.9
06/05/2008	3.13	3.17	4.85	4.92
05/05/2008	3.13	3.17	4.85	4.92
30/04/2008	3.12	3.16	4.86	4.92
29/04/2008	3.12	3.16	4.86	4.93
28/04/2008	3.13	3.17	4.89	4.96
25/04/2008	3.13	3.17	4.89	4.95
24/04/2008	3.14	3.18	4.92	4.98
23/04/2008	3.14	3.18	4.99	5.05
22/04/2008	3.14	3.18	5.02	5.08
21/04/2008	3.14	3.18	4.98	5.05
18/04/2008	3.13	3.17	4.93	4.99
17/04/2008	3.13	3.17	4.98	5.04
16/04/2008	3.12	3.16	4.98	5.05
15/04/2008	3.12	3.16	4.91	4.98
14/04/2008	3.11	3.15	4.92	4.99
11/04/2008	3.11	3.15	4.91	4.98
10/04/2008	3.11	3.15	4.903	4.96
09/04/2008	3.11	3.15	4.94	5.004
08/04/2008	3.11	3.15	4.89	4.96
07/04/2008	3.11	3.15	4.89	4.96
04/04/2008	3.12	3.16	4.905	4.96
03/04/2008	3.12	3.16	4.89	4.95
01/04/2008	3.12	3.16	4.94	5
31/03/2008	3.12	3.16	4.94	5
28/03/2008	3.12	3.16	4.91	4.98
27/03/2008	3.12	3.16	4.94	5
26/03/2008	3.12	3.16	4.94	5
25/03/2008	3.12	3.16	4.87	4.93
19/03/2008	3.11	3.15	4.87	4.94
18/03/2008	3.1	3.14	4.91	4.97
17/03/2008	3.1	3.14	4.88	4.95
14/03/2008	3.1	3.14	4.88	4.95
13/03/2008	3.1	3.14	4.84	4.9
12/03/2008	3.11	3.15	4.82	4.88
11/03/2008	3.11	3.15	4.77	4.83
10/03/2008	3.11	3.15	4.78	4.84
07/03/2008	3.11	3.15	4.78	4.84
06/03/2008	3.11	3.15	4.78	4.84
05/03/2008	3.11	3.15	4.75	4.81
04/03/2008	3.11	3.15	4.72	4.79
03/03/2008	3.11	3.15	4.73	4.8
29/02/2008	3.12	3.16	4.74	4.8
28/02/2008	3.11	3.15	4.73	4.79
27/02/2008	3.11	3.15	4.71	4.77
26/02/2008	3.11	3.15	4.64	4.7
25/02/2008	3.11	3.15	4.62	4.68
22/02/2008	3.11	3.15	4.619	4.679
21/02/2008	3.11	3.15	4.6	4.66
20/02/2008	3.11	3.15	4.56	4.619
19/02/2008	3.14	3.15	4.589	4.649
18/02/2008	3.11	3.15	4.56	4.62
15/02/2008	3.11	3.15	4.56	4.62
14/02/2008	3.11	3.15	4.55	4.61
12/02/2008	3.12	3.16	4.55	4.61
11/02/2008	3.12	3.16	4.53	4.59
08/02/2008	3.12	3.16	4.53	4.59
07/02/2008	3.12	3.16	4.53	4.59
06/02/2008	3.12	3.16	4.58	4.64
05/02/2008	3.12	3.16	4.57	4.63
04/02/2008	3.11	3.15	4.62	4.68
01/02/2008	3.11	3.15	4.61	4.67
31/01/2008	3.11	3.15	4.62	4.67
30/01/2008	3.11	3.15	4.6	4.66
29/01/2008	3.11	3.15	4.59	4.65
28/01/2008	3.11	3.15	4.6	4.66
23/01/2008	3.11	3.15	4.53	4.59
22/01/2008	3.11	3.15	4.55	4.61
21/01/2008	3.11	3.15	4.5	4.56
18/01/2008	3.11	3.15	4.54	4.6
17/01/2008	3.11	3.15	4.56	4.62
16/01/2008	3.1	3.14	4.56	4.61
15/01/2008	3.1	3.14	4.6	4.66
14/01/2008	3.09	3.13	4.6	4.66
11/01/2008	3.08	3.12	4.56	4.62
10/01/2008	3.08	3.12	4.54	4.6
09/01/2008	3.08	3.12	4.53	4.58
08/01/2008	3.09	3.13	4.54	4.6
07/01/2008	3.09	3.13	4.54	4.6
04/01/2008	3.1	3.14	4.58	4.64
03/01/2008	3.1	3.14	4.56	4.62
02/01/2008	3.1	3.14	4.57	4.63
28/12/2007	3.1	3.14	4.57	4.63
27/12/2007	3.1	3.14	4.54	4.6
26/12/2007	3.1	3.14	4.5	4.55
20/12/2007	3.09	3.13	4.44	4.5
19/12/2007	3.09	3.13	4.44	4.49
18/12/2007	3.09	3.13	4.46	4.51
17/12/2007	3.1	3.14	4.45	4.51
14/12/2007	3.1	3.14	4.48	4.53
13/12/2007	3.1	3.14	4.53	4.59
12/12/2007	3.09	3.13	4.55	4.61
11/12/2007	3.09	3.13	4.55	4.61
06/12/2007	3.09	3.13	4.52	4.58
05/12/2007	3.09	3.13	4.53	4.59
04/12/2007	3.09	3.13	4.56	4.62
03/12/2007	3.09	3.13	4.54	4.604
30/11/2007	3.1	3.14	4.56	4.62
29/11/2007	3.1	3.14	4.58	4.64
28/11/2007	3.109	3.14	4.59	4.65
27/11/2007	3.11	3.15	4.6	4.66
26/11/2007	3.1	3.14	4.6	4.66
23/11/2007	3.1	3.14	4.6	4.66
22/11/2007	3.1	3.14	0	0
21/11/2007	3.099	3.139	0	0
20/11/2007	3.09	3.13	0	0
19/11/2007	3.09	3.13	4.529	4.588
16/11/2007	3.09	3.13	4.53	4.59
15/11/2007	3.08	3.12	4.51	4.57
14/11/2007	3.088	3.128	0	0
13/11/2007	3.09	3.13	0	0
12/11/2007	3.09	3.13	4.49	4.55
09/11/2007	3.089	3.129	4.53	4.59
08/11/2007	3.09	3.13	4.43	4.59
07/11/2007	3.08	3.12	4.52	4.58
06/11/2007	3.089	3.12	0	0
05/11/2007	3.09	3.13	0	0
02/11/2007	3.089	3.12	4.48	4.54
01/11/2007	3.09	3.13	4.46	4.54
31/10/2007	3.1	3.14	4.48	4.54
30/10/2007	3.1	3.14	4.48	4.54
29/10/2007	3.11	3.15	4.49	4.55
26/10/2007	3.13	3.17	4.5	4.56
25/10/2007	3.13	3.17	4.49	4.55
24/10/2007	3.13	3.17	4.46	4.52
23/10/2007	3.13	3.17	4.46	4.51
22/10/2007	3.12	3.169	4.42	4.48
19/10/2007	3.12	3.16	4.45	4.51
18/10/2007	3.12	3.16	4.46	4.51
17/10/2007	3.12	3.16	4.41	4.47
16/10/2007	3.12	3.16	4.41	4.47
12/10/2007	3.11	3.15	4.41	4.47
10/10/2007	3.11	3.15	4.4	4.46
09/10/2007	3.12	3.16	4.4	4.45
04/10/2007	3.11	3.15	4.4	4.45
03/10/2007	3.11	3.15	4.39	4.46
02/10/2007	3.1	3.14	4.39	4.45
01/10/2007	3.1	3.15	4.42	4.48
28/09/2007	3.11	3.15	4.43	4.49
27/09/2007	3.11	3.15	4.4	4.45
26/09/2007	3.108	3.148	4.39	4.48
25/09/2007	3.1	3.14	4.39	4.45
24/09/2007	3.1	3.14	4.37	4.43
20/09/2007	3.09	3.13	4.36	4.41
19/09/2007	3.09	3.13	4.31	4.37
17/09/2007	3.095	3.135	4.289	4.345
14/09/2007	3.09	3.13	4.29	4.34
13/09/2007	3.09	3.13	4.29	4.35
12/09/2007	3.09	3.13	4.3	4.36
11/09/2007	3.1	3.14	4.29	4.35
10/09/2007	3.11	3.15	4.3	4.35
07/09/2007	3.12	3.16	4.29	4.35
06/09/2007	3.12	3.16	0	0
05/09/2007	3.12	3.16	4.26	4.32
04/09/2007	3.12	3.16	4.25	4.3
03/09/2007	3.12	3.16	0	0
31/08/2007	3.11	3.15	4.24	4.3
30/08/2007	3.11	3.15	4.25	4.31
29/08/2007	3.12	3.16	4.26	4.32
28/08/2007	3.12	3.16	4.25	4.31
27/08/2007	3.13	3.17	0	0
24/08/2007	3.13	3.17	0	0
23/08/2007	3.13	3.17	4.25	4.3
22/08/2007	3.128	3.168	0	0
21/08/2007	3.12	3.16	4.2	4.25
17/08/2007	3.11	3.15	4.2	4.26
16/08/2007	3.12	3.16	4.17	4.23
15/08/2007	3.11	3.15	4.19	4.24
14/08/2007	3.1	3.14	4.21	4.27
13/08/2007	3.1	3.14	4.22	4.28
10/08/2007	3.1	3.14	4.25	4.31
09/08/2007	3.1	3.14	4.24	4.3
08/08/2007	3.09	3.13	4.26	4.32
07/08/2007	3.1	3.14	4.26	4.31
06/08/2007	3.1	3.14	4.27	4.329
03/08/2007	3.1	3.14	4.27	4.32
02/08/2007	3.09	3.13	4.24	4.29
01/08/2007	3.09	3.13	4.22	4.27
31/07/2007	3.08	3.12	4.21	4.27
30/07/2007	3.08	3.12	4.21	4.27
27/07/2007	3.07	3.11	4.2	4.25
26/07/2007	3.098	3.13	4.26	4.31
25/07/2007	3.14	3.18	4.3	4.35
24/07/2007	3.08	3.12	4.25	4.31
23/07/2007	3.08	3.12	4.25	4.31
20/07/2007	3.08	3.12	4.25	4.31
19/07/2007	3.06	3.1	4.23	4.28
18/07/2007	3.06	3.1	4.22	4.28
17/07/2007	3.06	3.1	4.21	4.27
16/07/2007	3.06	3.1	4.21	4.27
13/07/2007	3.06	3.1	4.21	4.27
11/07/2007	3.06	3.1	4.21	4.26
10/07/2007	3.06	3.1	4.199	4.25
06/07/2007	3.06	3.1	4.17	4.22
04/07/2007	3.05	3.09	4.15	4.2
03/07/2007	3.05	3.09	4.15	4.2
02/07/2007	3.05	3.09	4.15	4.21
29/06/2007	3.05	3.09	4.12	4.18
28/06/2007	3.05	3.09	4.12	4.18
27/06/2007	3.05	3.09	4.1	4.15
26/06/2007	3.04	3.08	4.1	4.15
25/06/2007	3.04	3.08	4.09	4.15
22/06/2007	3.04	3.08	4.09	4.14
21/06/2007	3.04	3.08	4.04	4.09
20/06/2007	3.039	3.079	4.077	4.131
19/06/2007	3.03	3.07	4.07	4.12
15/06/2007	3.037	3.077	4.062	4.116
14/06/2007	3.032	3.072	4.036	4.09
13/06/2007	3.034	3.074	4.031	4.085
12/06/2007	3.03	3.07	4.04	4.09
11/06/2007	3.03	3.07	4.05	4.1
08/06/2007	3.036	3.076	4.053	4.106
07/06/2007	3.037	3.077	4.078	4.132
06/06/2007	3.03	3.07	4.1	4.16
05/06/2007	3.03	3.07	4.1	4.16
04/06/2007	3.03	3.07	4.07	4.13
01/06/2007	3.037	3.077	4.083	4.137
30/05/2007	3.04	3.08	4.078	4.132
29/05/2007	3.04	3.08	4.09	4.14
28/05/2007	3.04	3.08	4.09	4.14
24/05/2007	3.04	3.08	4.09	4.14
23/05/2007	3.04	3.08	4.09	4.148
22/05/2007	3.038	3.078	4.08	4.14
21/05/2007	3.05	3.07	4.08	4.14
18/05/2007	3.038	3.078	4.1	4.15
17/05/2007	3.035	3.075	4.09	4.149
16/05/2007	3.037	3.077	4.1	4.15
15/05/2007	3.036	3.076	4.127	4.181
14/05/2007	3.038	3.078	4.11	4.16
11/05/2007	3.04	3.08	4.109	4.16
10/05/2007	3.04	3.08	4.09	4.15
09/05/2007	3.03	3.07	4.11	4.17
08/05/2007	3.04	3.08	4.11	4.17
07/05/2007	3.04	3.08	4.13	4.19
04/05/2007	3.04	3.08	4.137	4.192
03/05/2007	3.04	3.08	4.12	4.18
02/05/2007	3.04	3.08	4.14	4.19
30/04/2007	3.05	3.09	4.16	4.22
27/04/2007	3.048	3.088	4.14	4.2
25/04/2007	3.04	3.08	4.15	4.21
24/04/2007	3.04	3.08	4.14	4.199
23/04/2007	3.043	3.083	4.13	4.18
20/04/2007	3.048	3.088	4.14	4.198
19/04/2007	3.04	3.08	4.14	4.19
18/04/2007	3.045	3.085	4.1327	4.1873
17/04/2007	3.04	3.08	4.12	4.18
16/04/2007	3.04	3.08	4.12	4.18
13/04/2007	3.05	3.09	4.12	4.18
12/04/2007	3.04	3.08	4.1	4.15
11/04/2007	3.05	3.09	4.09	4.15
10/04/2007	3.05	3.09	4.1	4.15
09/04/2007	3.05	3.099	4.079	4.13
04/04/2007	3.06	3.1	4.09	4.14
30/03/2007	3.06	3.1	4.09	4.14
29/03/2007	3.062	3.102	4.0835	4.1371
28/03/2007	3.06	3.1	4.08	4.13
27/03/2007	3.06	3.1	4.09	4.14
26/03/2007	3.06	3.1	4.08	4.13
23/03/2007	3.06	3.1	4.07	4.12
22/03/2007	3.059	3.098	4.04	4.099
21/03/2007	3.06	3.1	4.06	4.12
20/03/2007	3.06	3.1	4.0661	4.1196
19/03/2007	3.06	3.1	4.066	4.11
16/03/2007	3.061	3.101	4.0733	4.1268
15/03/2007	3.058	3.098	4.04	4.099
14/03/2007	3.06	3.1	4.04	4.09
13/03/2007	3.06	3.1	4.04	4.09
12/03/2007	3.06	3.1	4.03	4.09
09/03/2007	3.06	3.1	4.02	4.07
08/03/2007	3.06	3.1	4.02	4.07
07/03/2007	3.06	3.1	4.02	4.08
06/03/2007	3.06	3.1	4.01	4.06
05/03/2007	3.06	3.1	4	4.06
02/03/2007	3.06	3.1	4.03	4.08
01/03/2007	3.05	3.09	4.02	4.09
28/02/2007	3.06	3.1	4.04	4.09
27/02/2007	3.06	3.1	4.05	4.1
26/02/2007	3.06	3.1	4.03	4.08
23/02/2007	3.06	3.1	4.03	4.088
22/02/2007	3.06	3.1	4.02	4.07
21/02/2007	3.06	3.1	4.02	4.07
20/02/2007	3.06	3.1	4.02	4.07
19/02/2007	3.06	3.1	4.02	4.08
16/02/2007	3.06	3.1	4.01	4.07
15/02/2007	3.06	3.1	4.01	4.07
13/02/2007	3.06	3.1	3.98	4.04
12/02/2007	3.06	3.1	3.97	4.02
10/02/2007	3.06	3.1	3.98	4.03
08/02/2007	3.06	3.1	3.99	4.04
06/02/2007	3.06	3.1	3.969	4.02
05/02/2007	3.06	3.1	3.96	4.01
02/02/2007	3.059	3.099	3.96	4.01
01/02/2007	3.06	3.1	3.98	4.03
31/01/2007	3.06	3.1	3.98	4.04
30/01/2007	3.06	3.1	3.97	4.02
29/01/2007	3.068	3.1	3.97	4.02
26/01/2007	3.06	3.1	3.95	4.01
25/01/2007	3.058	3.098	3.96	4.02
24/01/2007	3.05	3.09	3.95	4.01
23/01/2007	3.05	3.09	3.95	4
22/01/2007	3.05	3.09	3.95	4
19/01/2007	3.046	3.086	3.94	4
18/01/2007	3.04	3.08	3.93	3.99
17/01/2007	3.039	3.079	3.93	3.98
16/01/2007	3.04	3.08	3.92	3.979
15/01/2007	3.039	3.079	3.929	3.98
11/01/2007	3.04	3.08	3.92	3.97
09/01/2007	3.04	3.08	3.95	4
08/01/2007	3.04	3.08	3.96	4.01
05/01/2007	3.038	3.078	3.948	4
04/01/2007	3.03	3.07	3.97	4.02
03/01/2007	3.019	3.059	3.97	4.02
02/01/2007	3.018	3.058	4	4.06
29/12/2006	3.02	3.06	3.98	4.039
28/12/2006	3.03	3.07	3.99	4.04
27/12/2006	3.03	3.07	3.98	4.03
26/12/2006	3.03	3.07	3.97	4.02
22/12/2006	3.02	3.06	3.96	4.01
21/12/2006	3.008	3.048	3.95	4.01
20/12/2006	3.01	3.05	3.96	4.02
19/12/2006	3.018	3.058	3.98	4.03
18/12/2006	3.017	3.057	3.94	3.99
15/12/2006	3.01	3.05	3.94	3.99
14/12/2006	3.018	3.058	3.96	4.02
13/12/2006	3.01	3.05	3.98	4.04
12/12/2006	3.01	3.05	3.98	4.04
11/12/2006	3.02	3.06	4	4.05
07/12/2006	3.01	3.05	4.01	4.06
06/12/2006	3.01	3.05	4.01	4.06
05/12/2006	3.015	3.055	4.01	4.07
04/12/2006	3.02	3.06	3.02	4.07
01/12/2006	3.02	3.06	4.02	4.07
30/11/2006	3.028	3.068	4.01	4.06
28/11/2006	3.038	3.078	3.99	3.049
27/11/2006	3.038	3.078	3.98	4.038
24/11/2006	3.035	3.075	3.97	4.02
23/11/2006	3.03	3.07	3.92	3.97
22/11/2006	3.03	3.07	3.91	3.97
21/11/2006	3.04	3.07	3.89	3.94
20/11/2006	3.03	3.07	3.88	3.94
17/11/2006	3.03	3.07	3.89	3.94
16/11/2006	3.029	3.069	3.879	3.93
15/11/2006	3.02	3.06	3.87	3.93
14/11/2006	3.03	3.07	3.88	3.93
13/11/2006	3.03	3.07	3.88	3.93
10/11/2006	3.03	3.07	3.89	3.94
09/11/2006	3.028	3.068	3.88	3.93
08/11/2006	3.029	3.069	3.869	3.92
07/11/2006	3.03	3.07	3.88	3.93
06/11/2006	0	0	0	0
03/11/2006	3.04	3.08	3.86	3.91
02/11/2006	3.04	3.08	3.88	3.93
01/11/2006	3.04	3.08	3.889	3.94
31/10/2006	3.049	3.089	3.89	3.94
30/10/2006	3.05	3.09	3.88	3.93
26/10/2006	3.049	3.089	3.87	3.92
25/10/2006	3.05	3.09	3.84	3.89
24/10/2006	3.05	3.09	3.83	3.88
23/10/2006	3.05	3.09	3.82	3.87
19/10/2006	3.049	3.089	3.84	3.98
18/10/2006	3.05	3.09	3.82	3.87
17/10/2006	3.06	3.1	3.84	3.89
13/10/2006	3.06	3.1	3.83	3.88
12/10/2006	3.06	3.1	3.84	3.89
11/10/2006	3.06	3.1	3.84	3.89
10/10/2006	3.06	3.1	3.84	3.89
09/10/2006	3.066	3.1	3.86	3.91
06/10/2006	3.06	3.1	3.86	3.91
05/10/2006	3.06	3.1	3.88	3.93
04/10/2006	3.06	3.1	3.89	3.94
03/10/2006	3.06	3.1	3.89	3.94
02/10/2006	3.06	3.1	3.9	3.95
29/09/2006	3.06	3.1	3.88	3.93
28/09/2006	3.06	3.1	3.89	3.94
27/09/2006	3.06	3.1	3.888	3.939
26/09/2006	3.06	3.1	3.88	3.93
25/09/2006	3.06	3.1	3.9	3.95
22/09/2006	3.059	3.99	3.91	3.96
21/09/2006	3.059	3.099	3.9	3.95
20/09/2006	3.058	3.098	3.88	3.936
19/09/2006	3.057	3.097	3.87	3.92
18/09/2006	3.058	3.098	3.87	3.92
15/09/2006	3.058	3.098	3.86	3.91
14/09/2006	3.06	3.1	3.89	3.94
13/09/2006	3.063	3.103	3.889	3.94
12/09/2006	3.067	3.1	3.889	3.94
08/09/2006	3.06	3.1	3.87	3.92
07/09/2006	3.039	3.099	3.899	3.95
06/09/2006	3.06	3.1	3.91	3.96
05/09/2006	3.058	3.098	3.91	3.96
04/09/2006	3.05	3.09	3.92	3.98
01/09/2006	3.05	3.09	3.92	3.97
30/08/2006	3.057	3.097	3.92	3.97
29/08/2006	3.05	3.09	3.9	3.95
28/08/2006	3.05	3.09	3.9	3.959
25/08/2006	3.05	3.09	3.89	3.94
24/08/2006	3.04	3.08	3.888	3.939
23/08/2006	3.04	3.08	3.89	3.94
22/08/2006	3.05	3.08	3.89	3.95
18/08/2006	3.04	3.08	3.89	3.95
17/08/2006	3.04	3.08	3.9	3.959
16/08/2006	3.03	3.07	3.89	3.94
15/08/2006	3.04	3.08	3.88	3.93
14/08/2006	3.035	3.07	3.86	3.91
11/08/2006	3.03	3.07	3.85	3.91
10/08/2006	3.029	3.069	3.87	3.92
09/08/2006	3.029	3.069	3.9	3.95
08/08/2006	3.03	3.07	3.89	3.94
07/08/2006	3.03	3.07	3.89	3.94
04/08/2006	3.029	3.069	3.9	3.95
03/08/2006	3.03	3.07	3.87	3.929
02/08/2006	3.03	3.07	3.87	3.92
01/08/2006	3.03	3.07	3.88	3.93
31/07/2006	3.03	3.07	3.87	3.92
28/07/2006	3.037	3.077	3.87	3.92
27/07/2006	3.037	3.077	3.86	3.91
26/07/2006	3.03	3.07	3.83	3.89
25/07/2006	3.038	3.079	3.818	3.869
24/07/2006	3.04	3.08	3.83	3.88
21/07/2006	3.04	3.08	3.85	3.91
20/07/2006	3.04	3.08	3.84	3.89
19/07/2006	3.04	3.08	3.81	3.86
18/07/2006	3.04	3.08	3.8	3.85
17/07/2006	3.04	3.08	3.81	3.86
14/07/2006	3.04	3.08	3.84	3.89
13/07/2006	3.04	3.08	3.86	3.91
12/07/2006	3.043	3.083	3.86	3.91
11/07/2006	3.04	3.08	3.88	3.93
10/07/2006	3.04	3.08	3.878	3.929
07/07/2006	3.04	3.08	3.9	3.95
06/07/2006	3.04	3.08	3.88	3.939
05/07/2006	3.04	3.08	3.87	3.92
04/07/2006	3.04	3.08	3.89	3.949
03/07/2006	3.045	3.08	3.899	3.95
30/06/2006	3.04	3.08	3.89	3.94
29/06/2006	3.048	3.088	3.82	3.87
28/06/2006	3.048	3.088	3.82	3.87
27/06/2006	3.05	3.09	3.83	3.88
26/06/2006	3.03	3.08	3.83	3.88
23/06/2006	3.04	3.08	3.8	3.85
22/06/2006	3.03	3.07	3.82	3.87
21/06/2006	3.035	3.075	3.84	3.89
20/06/2006	3.038	3.078	3.827	3.878
16/06/2006	3.039	3.09	3.83	3.94
15/06/2006	3.04	3.08	3.83	3.88
14/06/2006	3.039	3.079	3.83	3.88
13/06/2006	3.04	3.08	3.81	3.86
12/06/2006	3.04	3.08	3.82	3.88
09/06/2006	3.04	3.08	3.84	3.89
08/06/2006	3.04	3.08	3.84	3.89
07/06/2006	3.04	3.08	3.89	3.94
06/06/2006	3.04	3.08	3.9	3.95
05/06/2006	3.04	3.08	3.93	3.99
02/06/2006	3.039	3.079	3.92	3.98
01/06/2006	3.04	3.08	3.89	3.94
31/05/2006	3.04	3.08	3.9	3.959
30/05/2006	3.04	3.08	3.92	3.97
29/05/2006	3.03	3.07	3.87	3.92
26/05/2006	3.03	3.07	3.86	3.91
24/05/2006	3.06	3.09	3.9097	3.9825
23/05/2006	3.03	3.07	3.89	3.94
19/05/2006	3.01	3.05	3.849	3.9
18/05/2006	3.01	3.05	3.86	3.91
17/05/2006	3.008	3.048	3.828	3.879
16/05/2006	3.002	3.04	3.85	3.9
15/05/2006	3.001	3.04	3.84	3.89
12/05/2006	2.99	3.03	3.86	3.91
11/05/2006	2.99	3.03	3.84	3.89
10/05/2006	3	3.04	3.83	3.88
09/05/2006	3.03	3.06	3.7609	3.8635
08/05/2006	3	3.04	3.81	3.86
05/05/2006	3.001	3.04	3.82	3.87
04/05/2006	3.001	3.04	3.8	3.85
03/05/2006	3.002	3.04	3.79	3.84
02/05/2006	3.005	3.065	3.79	3.84
28/04/2006	3.008	3.048	3.799	3.85
27/04/2006	3.004	3.044	3.76	3.81
26/04/2006	2.99	3.039	3.73	3.78
25/04/2006	3	3.04	3.72	3.77
24/04/2006	3.007	3.04	3.72	3.77
21/04/2006	3.019	3.059	3.72	3.77
20/04/2006	3.01	3.059	3.71	3.76
19/04/2006	3.05	3.08	3.67	3.77
18/04/2006	3.03	3.07	3.72	3.77
17/04/2006	3.03	3.07	3.72	3.77
12/04/2006	3.038	3.078	3.67	3.72
11/04/2006	3.03	3.07	3.68	3.73
10/04/2006	3.04	3.08	3.67	3.72
07/04/2006	3.04	3.08	3.68	3.73
06/04/2006	3.039	3.079	3.71	3.76
05/04/2006	3.04	3.08	3.73	3.78
04/04/2006	3.04	3.08	3.728	3.77
03/04/2006	3.045	3.085	3.69	3.74
31/03/2006	3.04	3.08	3.68	3.73
30/03/2006	3.04	3.08	3.68	3.73
29/03/2006	3.04	3.08	3.65	3.7
28/03/2006	3.04	3.08	3.67	3.72
27/03/2006	3.04	3.08	3.65	3.7
23/03/2006	3.03	3.07	3.64	3.68
22/03/2006	3.03	3.07	3.66	3.71
21/03/2006	3.03	3.07	3.66	3.71
20/03/2006	3.03	3.07	3.69	3.74
17/03/2006	3.03	3.07	3.69	3.74
16/03/2006	3.03	3.07	3.69	3.74
15/03/2006	3.03	3.07	3.65	3.7
14/03/2006	3.03	3.07	3.64	3.07
13/03/2006	3.04	3.08	3.62	3.67
10/03/2006	3.04	3.08	3.61	3.66
09/03/2006	3.04	3.08	3.62	3.67
08/03/2006	3.04	3.08	3.62	3.67
07/03/2006	3.04	3.08	3.61	3.66
06/03/2006	3.03	3.07	3.64	3.69
03/03/2006	3.03	3.07	3.63	3.68
02/03/2006	3.02	3.06	3.6	3.65
01/03/2006	3.03	3.07	3.61	3.66
28/02/2006	3.03	3.07	3.61	3.66
27/02/2006	3.05	3.07	3.59	3.64
24/02/2006	3.035	3.075	3.6	3.65
23/02/2006	3.04	3.07	3.61	3.66
22/02/2006	3.03	3.07	3.61	3.66
21/02/2006	3.03	3.07	3.6	3.65
20/02/2006	3.02	3.066	3.61	3.66
17/02/2006	3.02	3.06	3.59	3.64
16/02/2006	3.02	3.06	3.59	3.64
15/02/2006	3.03	3.07	3.6	3.649
14/02/2006	3.03	3.07	3.6	3.65
13/02/2006	3.029	3.069	3.6	3.65
10/02/2006	3.02	3.06	3.6	3.65
09/02/2006	3.02	3.06	3.61	3.66
08/02/2006	3.03	3.07	3.62	3.66
07/02/2006	3.03	3.07	3.63	3.68
06/02/2006	3.029	3.069	3.62	3.67
03/02/2006	3.02	3.06	3.63	3.68
02/02/2006	3.29	3.069	3.66	3.71
01/02/2006	3.028	3.068	3.65	3.7
31/01/2006	3.02	3.06	3.68	3.73
30/01/2006	3.02	3.06	3.65	3.7
27/01/2006	3.01	3.05	3.65	3.7
26/01/2006	3.017	3.057	3.689	3.739
25/01/2006	3.01	3.05	3.693	3.7424
24/01/2006	2.99	3.03	3.68	3.73
23/01/2006	2.998	3.038	3.68	3.73
20/01/2006	2.998	3.038	3.62	3.67
19/01/2006	3.006	3.046	3.64	3.69
18/01/2006	3.009	3.04	3.63	3.68
17/01/2006	3.006	3.046	3.62	3.67
16/01/2006	2.995	3.035	3.628	3.677
13/01/2006	2.995	3.03	3.63	3.685
12/01/2006	2.99	3.039	3.6	3.65
11/01/2006	3.01	3.05	3.65	3.7
10/01/2006	3.01	3.05	3.64	3.69
09/01/2006	3.02	3.06	3.65	3.7
06/01/2006	3.02	3.06	3.669	3.718
05/01/2006	3.01	3.05	3.64	3.69
04/01/2006	2.99	3.039	3.63	3.68
03/01/2006	2.998	3.038	3.588	3.63
02/01/2006	2.99	3.03	3.53	3.58